16
86
658
989
1031
1037
1102
1158
1479
1480
1614
1692
1768
2034
2123
2322
2348
2373
2503
2616
2618
2733
2964
2996
2997
3242
3256
4302
4615
4780
5276
5349
5413
5775
6338
6580
6992
7367
7434
7439
7457
7554
7811
8847
9023
9087
10120
10554
10683
11539
11754
11784
13638
14342
14417
14454
14481
14597
14701
14963
18194
18819
20486
20487
24556
26233
26238
26239
26274
26381
26382
26490
27837
27868
27914
27988
29730
29907
30147
30152
30332
30333
30334
30336
30337
30338
30664
31076
31359
31444
31448
31877
32358
32447
32448
32741
33491
33548
33549
33556
33620
33632
33950
33989
34017
34380
34404
34444
34460
34676
34684
34699
34708
34710
34785
34794
34837
34838
34874
34883
34886
34891
35103
35191
35526
35612
35928
35959
36262
36454
36537
36554
36667
36763
36786
36787
36788
36844
37019
37264
37268
37861
37888
37992
38186
38567
38572
38575
43548
45797
45798
45920
45967
46099
46316
46388
46930
47813
47983
47994
48050
48055
48098
48153
48250
48272
48298
48344
48395
48398
48411
48669
48691
48701
48728
48883
48890
48985
49076
49098
49354
49445
49599
49613
50001
50320
50360
50361
50382
50435
50488
50931
50999
51000
51004
51011
51012
51015
51144
51178
51250
51278
51279
51282
51283
51402
51466
51487
51488
51521
51532
51611
51656
51701
52008
52011
52012
52021
52474
53127
53210
53636
54440
54646
54686
54735
54841
55099
55205
55212
55217
55396
55768
55769
55983
56062
56240
56526
56576
56577
56595
56606
56608
56768
56789
56867
56911
56965
57211
57212
57226
57533
57588
57661
57705
57828
57890
57891
58042
58197
58198
58199
58277
58331
58369
58529
58972
58977
58988
59009
59010
59011
59316
59448
59497
59590
59966
59983
60226
60308
60355
60372
60373
60374
60418
60432
60646
60681
60687
60756
60901
60968
61205
61227
61258
61338
61373
61383
61389
61394
61395
61417
61467
61674
61775
62115
62119
62162
62279
62285
62332
62373
62401
62402
62503
62550
62730
62759
62992
63108
63114
63453
63574
63637
63638
63639
63776
63905
63919
63936
63947
63962
63993
63994
64097
64113
64150
64275
64372
64427
64549
64553
64614
64649
64654
64672
64689
64700
64702
64745
64800
64807
64834
64956
64959
64987
65003
65037
65090
65206
65306
65307
65330
65338
65339
65350
65383
65500
65515
65516
65642
65648
65649
65650
65730
66054
66195
66197
66246
66360
66527
66638
66657
66658
66729
66955
67046
67391
67722
67815
67872
67953
67962
67970
68068
68074
68101
68310
68312
68319
68328
68346
68395
68396
68494
68500
68720
68781
68901
68919
68936
68997
69056
69059
69158
69213
69283
69288
69289
69352
69488
69513
69545
69715
70005
70048
70072
70168
70194
70215
70216
70647
70750
70760
71139
71140
71188
71249
71295
71321
71521
71574
71681
71786
71888
71889
71890
71891
71892
71893
71904
71931
72010
72084
72085
72086
72087
72202
72211
72219
72403
72452
72511
72513
72541
72543
72544
72600
72601
72602
72603
72905
72941
73121
73311
73334
73353
73395
73445
73481
73482
73483
73490
73491
73492
73493
73494
73495
73576
73642
73708
73709
73710
73739
73740
73783
73890
74235
74819
74985
75090
75104
75105
75106
75109
75119
75157
75158
75253
75254
75268
75321
75322
76191
76217
76259
76396
76397
76403
76404
76405
76446
76566
76627
76641
76654
76948
77043
77066
77076
77077
77221
77267
77582
77609
77665
77666
77800
77813
77957
78057
78065
78134
78147
78175
78179
78241
78242
78243
78244
78245
78246
78247
78248
78311
78312
78314
78315
78316
78317
78318
78319
78320
78321
78322
78323
78430
78440
78442
78613
78637
78649
78701
78715
78730
78779
78823
78826
78829
78832
78833
78894
78972
79062
79080
79081
79082
79083
79084
79086
79087
79088
79089
79090
79091
79092
79093
79094
79095
79124
79228
79579
79890
80225
80257
80578
80579
80590
80672
80709
80719
80736
80764
80788
80941
80942
80943
80944
80945
80946
80947
80982
80983
81146
81238
81239
81240
81382
81407
81408
81619
81729
81770
81827
81828
81829
81830
81834
81848
82416
82582
82587
82763
83025
83207
83347
83348
83479
83533
83534
83752
84113
84114
84115
84116
84126
84127
84558
84933
85238
85239
85392
85423
85604
85730
85731
85787
85809
85974
85975
85976
85977
85978
85979
85980
85981
85982
85983
86005
86006
86518
86862
86892
86971
87039
87188
87207
87686
87713
87875
87897
87980
88209
88359
88380
88381
88382
88442
88517
88631
88670
88707
88723
88763
88864
89224
89341
89625
89648
89951
89999
90050
90076
90079
90127
90431
90503
90826
91050
91067
91072
91191
91376
92206
92693
92954
93074
93094
93095
93096
93446
93641
93642
93703
93796
93903
94015
94379
94524
94588
94638
94784
95072
95114
95381
95874
95960
96138
96165
96268
96363
96460
96461
96494
96780
96796
96824
96916
96981
97256
97451
97602
97796
97944
97974
98096
98312
98313
98314
98430
98549
98553
98842
98884
98962
99009
99188
99302
99425
99543
99619
99848
99909
99966
100440
100678
100695
100708
100795
100861
100962
101048
101082
101300
101402
101403
101404
101438
101461
101594
101624
102364
102376
102466
102467
102478
103147
103285
103371
103889
104126
104315
104324
104777
105082
105153
105154
105210
105211
105212
105213
105271
105321
105441
105571
105612
106146
106151
106315
106372
106404
106799
107741
107750
107782
108309
108348
108804
108906
109129
109303
109373
109400
109983
109984
110085
110086
110087
110240
110353
110475
110765
111046
111133
111178
111192
111208
111418
111546
111711
112798
112988
112990
113215
113646
114102
114180
114183
114228
114229
114233
114235
114236
114262
114265
114266
114334
114374
115300
115627
115671
115945
116371
116536
116549
116590
116619
116933
116934
116939
116940
116941
116942
116966
117214
117366
117546
117591
117704
117767
117872
117890
117922
117989
118416
118532
118882
118959
118965
119354
119797
119798
119799
120005
120007
120511
120944
120960
121369
122426
122427
122428
122535
122631
122768
122797
123087
123345
124240
125290
125639
125886
126024
126027
126596
126684
126768
126869
126949
127366
127367
127626
128218
128543
129150
129151
129152
129283
129284
129286
129299
129300
129871
130534
130883
130887
131577
132090
132157
132199
132350
132431
132995
133008
133042
133466
133810
133811
133813
134204
134451
135093
135282
135440
135499
135581
136119
136183
136414
136446
136480
136495
136655
137409
137488
137613
138109
138290
139127
139544
139555
139764
140119
140434
140470
140480
141092
141164
141258
141707
141708
141709
141766
141767
142983
142984
142985
142986
142987
143070
143071
143072
143201
143202
143203
143205
143206
143215
143344
143667
143691
143692
143792
143967
144100
144582
144624
144925
145108
145445
145784
145799
145829
146288
151764
151765
151799
151821
151910
151949
152271
154691
155046
156144
156596
156678
156679
156689
157104
157725
157726
157727
157728
157729
157793
157931
158036
159051
159765
159780
160180
160588
160676
160855
160967
161764
162643
163271
163753
163926
163974
164283
164296
164297
164652
164861
165153
165157
165413
165712
165713
165930
166133
166251
166474
166920
167008
167489
167700
168036
169611
169630
169669
169835
171462
171746
171862
171865
171886
171903
171904
171942
172287
172471
173018
173517
173525
173557
173694
173732
174332
174375
174429
174956
175046
175047
175048
175118
175119
175499
175592
175872
175911
175944
176995
177000
177904
178361
178609
178799
178953
179242
179248
179249
179250
179251
179253
179627
180191
180197
180663
180853
180864
181424
181511
181522
181741
181819
181894
182061
182126
182140
182205
182402
182426
182472
182834
182850
183063
183091
184162
185038
185086
185694
186253
186712
186771
187059
187085
187090
187098
187204
187205
187208
187285
187744
188069
188070
188145
188163
188226
188264
188654
188916
188917
188968
188969
189419
189639
189710
189835
190018
190136
190321
190641
190944
191610
191967
192015
192016
192066
192109
192134
192503
192504
192817
192977
193169
193213
193422
193574
193671
193672
193714
193715
193738
193739
193748
193749
193927
193928
194081
194189
194233
194597
194626
195041
195042
195043
195045
195063
195064
195065
195066
195069
195085
195086
195087
195088
195089
195090
195091
195092
195093
195106
195118
195142
195143
195145
195324
195610
195758
195759
195942
195943
196047
196048
196049
196050
196051
196052
196053
196057
196062
196068
196175
196415
196871
197182
197183
197877
197911
198332
198384
198385
198386
198387
198409
198435
198436
198437
198438
198439
198440
198441
199017
199118
199119
199120
199122
199123
199238
199262
199424
199425
199581
199582
199694
199695
199696
199771
199968
200087
200379
200738
200742
201462
202014
202016
202262
202337
202822
203069
203814
203967
204093
204094
204095
204138
204389
204556
204557
204558
204878
204879
205216
205217
205666
205745
205959
206244
206245
206498
206553
206787
206941
207193
207337
207674
207675
207852
207954
208083
208091
208131
208134
208177
208178
208238
208259
208260
208278
208280
208355
208448
208449
208450
208570
208662
208768
208852
208976
208981
209211
210454
210490
210719
210771
211005
211110
211111
211201
211316
211858
211859
211860
211861
211862
211863
211868
211996
212164
212165
212166
212167
212168
212177
212190
212191
212192
212211
212300
212412
212439
212440
212441
212444
212529
213025
213087
213911
213912
213913
214295
214320
214360
214433
214489
214511
214546
214560
214567
214583
214772
214777
214848
214855
214957
214958
216176
216237
216345
216407
216599
216600
216601
216602
217122
217218
217398
217575
217863
217921
218454
218494
218533
218534
219462
219603
219607
219608
219609
219762
219908
219922
220096
220264
220812
222208
222209
222493
222581
222622
222623
223456
223490
223491
224076
224363
224401
224458
224839
224981
224982
224983
225044
225045
225047
225078
225105
225124
225228
225395
225481
225589
225793
225840
226025
226029
226030
226047
226245
226387
226482
226483
226748
226749
226778
226898
226946
226950
227068
227114
227190
227288
227289
227296
227325
227378
227388
227389
227413
227455
227481
227633
227836
227837
227838
227839
227876
227878
227928
227944
227946
228057
228078
228446
230097
230116
230286
230287
230504
230584
230585
230641
230709
230720
230721
230780
230872
230873
231331
231335
232361
232643
233281
233836
234098
234587
234814
235224
235249
235540
235991
235992
236246
236341
236473
237347
237739
238246
238247
238248
238327
238525
238704
238718
238778
238862
239070
239122
239324
239433
239508
239509
239585
239586
239634
239636
239639
239656
239740
239826
239930
239943
239968
240052
240277
240400
240508
240844
240923
240952
240960
240993
241012
241218
241235
241418
241673
241752
241766
241772
241909
241917
241919
241944
242094
242311
242314
242401
242408
242411
242535
242622
242901
243451
244080
244479
244724
244731
244732
245057
245304
245305
245508
245543
245718
245836
246430
246431
246433
246436
246517
246518
246520
246558
246701
246704
246878
247104
247144
247167
247180
247199
247204
247253
247367
247414
247419
247451
247468
247499
247503
247647
247657
247793
247797
247799
247815
247824
247879
247892
247894
248012
248013
248014
248025
248045
248101
248353
248387
248518
248519
248574
248906
248918
249032
249034
249040
249041
249167
249183
249184
249304
249343
249346
249406
249407
249408
249411
249575
249602
249603
249626
249648
249680
249681
249682
249683
249684
249694
249858
249900
249918
249920
249951
250007
250552
250553
251045
251046
251089
251090
251101
251102
251103
251104
251140
251141
251239
251240
251241
251391
251392
251393
251394
251412
251537
251538
251539
251540
251542
251546
251547
251548
251549
251550
251551
251552
251553
251557
251561
251595
251608
251618
251619
251620
251621
251725
251728
251756
251767
251768
252001
252002
252022
252023
252078
252079
252448
252458
252837
252849
252865
252895
252912
252939
252940
253046
253073
253074
253106
253138
253169
253297
253425
253607
254323
254338
254339
254397
254398
254650
254656
255479
255480
255481
255482
255646
255678
255833
255878
255940
255972
256012
256187
256213
256283
256406
256414
256415
256417
256419
256489
256541
256542
256543
256561
256563
256564
256578
256607
256618
256628
256673
256757
256758
256775
256776
256777
256786
256834
256835
256836
256837
256838
256839
256840
256841
256885
257053
257070
257071
257173
257279
257465
257572
257573
257585
257644
257646
257762
257815
257831
257892
257951
257956
257971
257999
258032
258033
258051
258057
258062
258063
258087
258091
258095
258115
258125
258143
258227
258262
258290
258317
258324
258353
258354
258383
258432
258437
258449
258469
258565
258567
258568
258569
258570
258571
258599
258600
258601
258602
258603
258613
258614
258765
258767
258768
258827
259046
259315
259966
259969
260664
260669
260682
260706
260797
260822
260895
260933
260936
261009
261089
261121
261255
261279
261293
261294
261333
261334
261335
261366
261525
261585
261587
261598
261607
261723
261869
261890
261930
261969
262038
262079
262095
262223
262429
262435
262438
262460
262461
262481
262604
262663
262703
263766
263837
263845
263922
264526
264527
264619
264782
264856
276127
